11 91 0 15 15 0 30 15 15 30
516 206 0 15 15 0 30 15 15 30
241 105 0 15 15 0 30 15 15 30
205 86 0 15 15 0 30 15 15 30
171 26 0 15 15 0 30 15 15 30
102 14 0 15 15 0 30 15 15 30
75 142 0 15 15 0 30 15 15 30
714 17 0 15 15 0 30 15 15 30
593 49 0 15 15 0 30 15 15 30
373 212 0 15 15 0 30 15 15 30
157 379 0 15 15 0 30 15 15 30
613 317 0 15 15 0 30 15 15 30
100 321 0 15 15 0 30 15 15 30
736 292 0 15 15 0 30 15 15 30
745 231 0 15 15 0 30 15 15 30
488 66 0 15 15 0 30 15 15 30
557 205 0 15 15 0 30 15 15 30
518 104 0 15 15 0 30 15 15 30
467 23 0 15 15 0 30 15 15 30
641 414 0 15 15 0 30 15 15 30
729 376 0 15 15 0 30 15 15 30
276 125 0 15 15 0 30 15 15 30
294 83 0 15 15 0 30 15 15 30
750 215 0 15 15 0 30 15 15 30
2 185 0 15 15 0 30 15 15 30
578 370 0 15 15 0 30 15 15 30
425 125 0 15 15 0 30 15 15 30
423 307 0 15 15 0 30 15 15 30
1 361 0 15 15 0 30 15 15 30
391 39 0 15 15 0 30 15 15 30
563 263 0 15 15 0 30 15 15 30
204 174 0 15 15 0 30 15 15 30
248 132 0 15 15 0 30 15 15 30
288 407 0 15 15 0 30 15 15 30
30 201 0 15 15 0 30 15 15 30
396 368 0 15 15 0 30 15 15 30
619 223 0 15 15 0 30 15 15 30
723 54 0 15 15 0 30 15 15 30
327 398 0 15 15 0 30 15 15 30
760 224 0 15 15 0 30 15 15 30
485 128 0 15 15 0 30 15 15 30
342 76 0 15 15 0 30 15 15 30
16 255 0 15 15 0 30 15 15 30
517 54 0 15 15 0 30 15 15 30
547 38 0 15 15 0 30 15 15 30
404 380 0 15 15 0 30 15 15 30
75 307 0 15 15 0 30 15 15 30
335 325 0 15 15 0 30 15 15 30
77 98 0 15 15 0 30 15 15 30
326 30 0 15 15 0 30 15 15 30
475 201 0 15 15 0 30 15 15 30
682 310 0 15 15 0 30 15 15 30
438 329 0 15 15 0 30 15 15 30
26 85 0 15 15 0 30 15 15 30
118 303 0 15 15 0 30 15 15 30
286 399 0 15 15 0 30 15 15 30
171 155 0 15 15 0 30 15 15 30
673 354 0 15 15 0 30 15 15 30
415 225 0 15 15 0 30 15 15 30
454 117 0 15 15 0 30 15 15 30
459 237 0 15 15 0 30 15 15 30
591 327 0 15 15 0 30 15 15 30
578 277 0 15 15 0 30 15 15 30
265 243 0 15 15 0 30 15 15 30
615 55 0 15 15 0 30 15 15 30
5 417 0 15 15 0 30 15 15 30
576 213 0 15 15 0 30 15 15 30
258 165 0 15 15 0 30 15 15 30
451 407 0 15 15 0 30 15 15 30
4 66 0 15 15 0 30 15 15 30
262 3 0 15 15 0 30 15 15 30
8 238 0 15 15 0 30 15 15 30
193 345 0 15 15 0 30 15 15 30
510 80 0 15 15 0 30 15 15 30
336 100 0 15 15 0 30 15 15 30
250 206 0 15 15 0 30 15 15 30
346 329 0 15 15 0 30 15 15 30
156 136 0 15 15 0 30 15 15 30
337 285 0 15 15 0 30 15 15 30
5 29 0 15 15 0 30 15 15 30
218 173 0 15 15 0 30 15 15 30
399 412 0 15 15 0 30 15 15 30
441 173 0 15 15 0 30 15 15 30
654 241 0 15 15 0 30 15 15 30
586 344 0 15 15 0 30 15 15 30
669 218 0 15 15 0 30 15 15 30
376 342 0 15 15 0 30 15 15 30
553 56 0 15 15 0 30 15 15 30
664 107 0 15 15 0 30 15 15 30
404 222 0 15 15 0 30 15 15 30
84 124 0 15 15 0 30 15 15 30
463 404 0 15 15 0 30 15 15 30
142 283 0 15 15 0 30 15 15 30
256 8 0 15 15 0 30 15 15 30
322 204 0 15 15 0 30 15 15 30
711 197 0 15 15 0 30 15 15 30
672 365 0 15 15 0 30 15 15 30
768 143 0 15 15 0 30 15 15 30
743 206 0 15 15 0 30 15 15 30
2 415 0 15 15 0 30 15 15 30
697 197 0 15 15 0 30 15 15 30
475 339 0 15 15 0 30 15 15 30
215 220 0 15 15 0 30 15 15 30
8 117 0 15 15 0 30 15 15 30
422 284 0 15 15 0 30 15 15 30
210 36 0 15 15 0 30 15 15 30
697 292 0 15 15 0 30 15 15 30
55 355 0 15 15 0 30 15 15 30
132 267 0 15 15 0 30 15 15 30
241 157 0 15 15 0 30 15 15 30
356 86 0 15 15 0 30 15 15 30
313 381 0 15 15 0 30 15 15 30
606 313 0 15 15 0 30 15 15 30
447 110 0 15 15 0 30 15 15 30
407 195 0 15 15 0 30 15 15 30
403 97 0 15 15 0 30 15 15 30
730 237 0 15 15 0 30 15 15 30
92 182 0 15 15 0 30 15 15 30
268 419 0 15 15 0 30 15 15 30
429 269 0 15 15 0 30 15 15 30
281 233 0 15 15 0 30 15 15 30
282 7 0 15 15 0 30 15 15 30
274 385 0 15 15 0 30 15 15 30
669 95 0 15 15 0 30 15 15 30
265 204 0 15 15 0 30 15 15 30
385 308 0 15 15 0 30 15 15 30
654 154 0 15 15 0 30 15 15 30
538 191 0 15 15 0 30 15 15 30
709 301 0 15 15 0 30 15 15 30
40 362 0 15 15 0 30 15 15 30
549 229 0 15 15 0 30 15 15 30
735 377 0 15 15 0 30 15 15 30
551 50 0 15 15 0 30 15 15 30
172 316 0 15 15 0 30 15 15 30
391 210 0 15 15 0 30 15 15 30
560 316 0 15 15 0 30 15 15 30
380 326 0 15 15 0 30 15 15 30
704 173 0 15 15 0 30 15 15 30
552 362 0 15 15 0 30 15 15 30
729 60 0 15 15 0 30 15 15 30
413 203 0 15 15 0 30 15 15 30
695 202 0 15 15 0 30 15 15 30
712 5 0 15 15 0 30 15 15 30
317 53 0 15 15 0 30 15 15 30
481 385 0 15 15 0 30 15 15 30
308 81 0 15 15 0 30 15 15 30
198 124 0 15 15 0 30 15 15 30
76 190 0 15 15 0 30 15 15 30
210 256 0 15 15 0 30 15 15 30
757 40 0 15 15 0 30 15 15 30
148 323 0 15 15 0 30 15 15 30
632 42 0 15 15 0 30 15 15 30
350 294 0 15 15 0 30 15 15 30
177 131 0 15 15 0 30 15 15 30
73 356 0 15 15 0 30 15 15 30
481 238 0 15 15 0 30 15 15 30
543 135 0 15 15 0 30 15 15 30
393 354 0 15 15 0 30 15 15 30
335 238 0 15 15 0 30 15 15 30
410 369 0 15 15 0 30 15 15 30
201 368 0 15 15 0 30 15 15 30
461 124 0 15 15 0 30 15 15 30
399 335 0 15 15 0 30 15 15 30
613 139 0 15 15 0 30 15 15 30
703 408 0 15 15 0 30 15 15 30
423 277 0 15 15 0 30 15 15 30
268 403 0 15 15 0 30 15 15 30
49 43 0 15 15 0 30 15 15 30
346 38 0 15 15 0 30 15 15 30
128 302 0 15 15 0 30 15 15 30
592 258 0 15 15 0 30 15 15 30
118 169 0 15 15 0 30 15 15 30
628 65 0 15 15 0 30 15 15 30
142 19 0 15 15 0 30 15 15 30
232 382 0 15 15 0 30 15 15 30
405 249 0 15 15 0 30 15 15 30
582 262 0 15 15 0 30 15 15 30
377 32 0 15 15 0 30 15 15 30
196 231 0 15 15 0 30 15 15 30
629 398 0 15 15 0 30 15 15 30
552 226 0 15 15 0 30 15 15 30
211 281 0 15 15 0 30 15 15 30
758 273 0 15 15 0 30 15 15 30
469 48 0 15 15 0 30 15 15 30
100 69 0 15 15 0 30 15 15 30
174 208 0 15 15 0 30 15 15 30
323 174 0 15 15 0 30 15 15 30
117 198 0 15 15 0 30 15 15 30
222 224 0 15 15 0 30 15 15 30
593 103 0 15 15 0 30 15 15 30
651 152 0 15 15 0 30 15 15 30
521 40 0 15 15 0 30 15 15 30
721 232 0 15 15 0 30 15 15 30
265 191 0 15 15 0 30 15 15 30
737 183 0 15 15 0 30 15 15 30
60 230 0 15 15 0 30 15 15 30
1 41 0 15 15 0 30 15 15 30
36 87 0 15 15 0 30 15 15 30
53 373 0 15 15 0 30 15 15 30
669 175 0 15 15 0 30 15 15 30
40 236 0 15 15 0 30 15 15 30
515 222 0 15 15 0 30 15 15 30
269 361 0 15 15 0 30 15 15 30
560 235 0 15 15 0 30 15 15 30
514 197 0 15 15 0 30 15 15 30
587 209 0 15 15 0 30 15 15 30
693 269 0 15 15 0 30 15 15 30
492 62 0 15 15 0 30 15 15 30
234 238 0 15 15 0 30 15 15 30
149 87 0 15 15 0 30 15 15 30
655 348 0 15 15 0 30 15 15 30
156 187 0 15 15 0 30 15 15 30
327 370 0 15 15 0 30 15 15 30
401 142 0 15 15 0 30 15 15 30
57 65 0 15 15 0 30 15 15 30
571 113 0 15 15 0 30 15 15 30
1 158 0 15 15 0 30 15 15 30
227 249 0 15 15 0 30 15 15 30
541 17 0 15 15 0 30 15 15 30
527 173 0 15 15 0 30 15 15 30
303 172 0 15 15 0 30 15 15 30
660 361 0 15 15 0 30 15 15 30
278 405 0 15 15 0 30 15 15 30
338 195 0 15 15 0 30 15 15 30
545 399 0 15 15 0 30 15 15 30
125 50 0 15 15 0 30 15 15 30
1 230 0 15 15 0 30 15 15 30
399 325 0 15 15 0 30 15 15 30
249 240 0 15 15 0 30 15 15 30
682 16 0 15 15 0 30 15 15 30
420 138 0 15 15 0 30 15 15 30
379 355 0 15 15 0 30 15 15 30
84 60 0 15 15 0 30 15 15 30
428 168 0 15 15 0 30 15 15 30
275 198 0 15 15 0 30 15 15 30
329 273 0 15 15 0 30 15 15 30
365 100 0 15 15 0 30 15 15 30
652 114 0 15 15 0 30 15 15 30
151 403 0 15 15 0 30 15 15 30
537 283 0 15 15 0 30 15 15 30
517 188 0 15 15 0 30 15 15 30
18 366 0 15 15 0 30 15 15 30
76 336 0 15 15 0 30 15 15 30
129 284 0 15 15 0 30 15 15 30
632 116 0 15 15 0 30 15 15 30
71 100 0 15 15 0 30 15 15 30
70 331 0 15 15 0 30 15 15 30
244 87 0 15 15 0 30 15 15 30
482 342 0 15 15 0 30 15 15 30
422 262 0 15 15 0 30 15 15 30
28 47 0 15 15 0 30 15 15 30
476 361 0 15 15 0 30 15 15 30
372 126 0 15 15 0 30 15 15 30
563 262 0 15 15 0 30 15 15 30
161 287 0 15 15 0 30 15 15 30
482 150 0 15 15 0 30 15 15 30
49 108 0 15 15 0 30 15 15 30
584 42 0 15 15 0 30 15 15 30
177 118 0 15 15 0 30 15 15 30
341 96 0 15 15 0 30 15 15 30
296 210 0 15 15 0 30 15 15 30
483 350 0 15 15 0 30 15 15 30
37 122 0 15 15 0 30 15 15 30
602 183 0 15 15 0 30 15 15 30
541 327 0 15 15 0 30 15 15 30
17 365 0 15 15 0 30 15 15 30
63 141 0 15 15 0 30 15 15 30
224 255 0 15 15 0 30 15 15 30
689 133 0 15 15 0 30 15 15 30
375 320 0 15 15 0 30 15 15 30
726 271 0 15 15 0 30 15 15 30
368 4 0 15 15 0 30 15 15 30
758 412 0 15 15 0 30 15 15 30
679 154 0 15 15 0 30 15 15 30
594 41 0 15 15 0 30 15 15 30
606 169 0 15 15 0 30 15 15 30
465 101 0 15 15 0 30 15 15 30
485 246 0 15 15 0 30 15 15 30
551 27 0 15 15 0 30 15 15 30
206 209 0 15 15 0 30 15 15 30
472 372 0 15 15 0 30 15 15 30
629 284 0 15 15 0 30 15 15 30
182 0 0 15 15 0 30 15 15 30
398 138 0 15 15 0 30 15 15 30
575 214 0 15 15 0 30 15 15 30
746 185 0 15 15 0 30 15 15 30
601 325 0 15 15 0 30 15 15 30
761 41 0 15 15 0 30 15 15 30
248 283 0 15 15 0 30 15 15 30
90 81 0 15 15 0 30 15 15 30
127 329 0 15 15 0 30 15 15 30
524 59 0 15 15 0 30 15 15 30
404 385 0 15 15 0 30 15 15 30
683 108 0 15 15 0 30 15 15 30
8 315 0 15 15 0 30 15 15 30
494 143 0 15 15 0 30 15 15 30
492 176 0 15 15 0 30 15 15 30
754 207 0 15 15 0 30 15 15 30
752 146 0 15 15 0 30 15 15 30
58 173 0 15 15 0 30 15 15 30
155 216 0 15 15 0 30 15 15 30
6 163 0 15 15 0 30 15 15 30
132 189 0 15 15 0 30 15 15 30
117 1 0 15 15 0 30 15 15 30
154 350 0 15 15 0 30 15 15 30
214 417 0 15 15 0 30 15 15 30
281 141 0 15 15 0 30 15 15 30
665 134 0 15 15 0 30 15 15 30
154 155 0 15 15 0 30 15 15 30
301 217 0 15 15 0 30 15 15 30
104 206 0 15 15 0 30 15 15 30
106 328 0 15 15 0 30 15 15 30
399 28 0 15 15 0 30 15 15 30
588 314 0 15 15 0 30 15 15 30
392 34 0 15 15 0 30 15 15 30
600 102 0 15 15 0 30 15 15 30
158 156 0 15 15 0 30 15 15 30
68 103 0 15 15 0 30 15 15 30
60 204 0 15 15 0 30 15 15 30
258 24 0 15 15 0 30 15 15 30
404 173 0 15 15 0 30 15 15 30
299 73 0 15 15 0 30 15 15 30
299 78 0 15 15 0 30 15 15 30
430 314 0 15 15 0 30 15 15 30
194 383 0 15 15 0 30 15 15 30
175 407 0 15 15 0 30 15 15 30
451 319 0 15 15 0 30 15 15 30
623 264 0 15 15 0 30 15 15 30
427 3 0 15 15 0 30 15 15 30
224 333 0 15 15 0 30 15 15 30
596 158 0 15 15 0 30 15 15 30
201 40 0 15 15 0 30 15 15 30
382 265 0 15 15 0 30 15 15 30
691 241 0 15 15 0 30 15 15 30
490 57 0 15 15 0 30 15 15 30
725 215 0 15 15 0 30 15 15 30
683 311 0 15 15 0 30 15 15 30
3 13 0 15 15 0 30 15 15 30
504 79 0 15 15 0 30 15 15 30
707 72 0 15 15 0 30 15 15 30
580 108 0 15 15 0 30 15 15 30
15 79 0 15 15 0 30 15 15 30
452 243 0 15 15 0 30 15 15 30
575 263 0 15 15 0 30 15 15 30
391 346 0 15 15 0 30 15 15 30
513 380 0 15 15 0 30 15 15 30
429 323 0 15 15 0 30 15 15 30
61 59 0 15 15 0 30 15 15 30
119 96 0 15 15 0 30 15 15 30
169 393 0 15 15 0 30 15 15 30
467 29 0 15 15 0 30 15 15 30
64 244 0 15 15 0 30 15 15 30
250 273 0 15 15 0 30 15 15 30
1 353 0 15 15 0 30 15 15 30
668 265 0 15 15 0 30 15 15 30
698 110 0 15 15 0 30 15 15 30
268 235 0 15 15 0 30 15 15 30
202 281 0 15 15 0 30 15 15 30
162 133 0 15 15 0 30 15 15 30
660 181 0 15 15 0 30 15 15 30
540 216 0 15 15 0 30 15 15 30
326 135 0 15 15 0 30 15 15 30
287 132 0 15 15 0 30 15 15 30
126 243 0 15 15 0 30 15 15 30
210 225 0 15 15 0 30 15 15 30
714 320 0 15 15 0 30 15 15 30
197 192 0 15 15 0 30 15 15 30
269 169 0 15 15 0 30 15 15 30
3 154 0 15 15 0 30 15 15 30
525 330 0 15 15 0 30 15 15 30
617 112 0 15 15 0 30 15 15 30
664 282 0 15 15 0 30 15 15 30
188 187 0 15 15 0 30 15 15 30
677 342 0 15 15 0 30 15 15 30
540 350 0 15 15 0 30 15 15 30
235 282 0 15 15 0 30 15 15 30
21 234 0 15 15 0 30 15 15 30
231 86 0 15 15 0 30 15 15 30
451 186 0 15 15 0 30 15 15 30
627 204 0 15 15 0 30 15 15 30
390 159 0 15 15 0 30 15 15 30
165 184 0 15 15 0 30 15 15 30
368 345 0 15 15 0 30 15 15 30
201 24 0 15 15 0 30 15 15 30
673 251 0 15 15 0 30 15 15 30
83 414 0 15 15 0 30 15 15 30
141 99 0 15 15 0 30 15 15 30
467 402 0 15 15 0 30 15 15 30
763 389 0 15 15 0 30 15 15 30
768 412 0 15 15 0 30 15 15 30
116 182 0 15 15 0 30 15 15 30
316 358 0 15 15 0 30 15 15 30
553 364 0 15 15 0 30 15 15 30
98 269 0 15 15 0 30 15 15 30
476 28 0 15 15 0 30 15 15 30
543 366 0 15 15 0 30 15 15 30
403 3 0 15 15 0 30 15 15 30
110 135 0 15 15 0 30 15 15 30
689 73 0 15 15 0 30 15 15 30
545 223 0 15 15 0 30 15 15 30
92 179 0 15 15 0 30 15 15 30
421 222 0 15 15 0 30 15 15 30
704 78 0 15 15 0 30 15 15 30
169 244 0 15 15 0 30 15 15 30
201 221 0 15 15 0 30 15 15 30
389 217 0 15 15 0 30 15 15 30
208 332 0 15 15 0 30 15 15 30
489 205 0 15 15 0 30 15 15 30
186 317 0 15 15 0 30 15 15 30
296 277 0 15 15 0 30 15 15 30
658 207 0 15 15 0 30 15 15 30
422 309 0 15 15 0 30 15 15 30
2 60 0 15 15 0 30 15 15 30
157 279 0 15 15 0 30 15 15 30
409 407 0 15 15 0 30 15 15 30
735 340 0 15 15 0 30 15 15 30
293 191 0 15 15 0 30 15 15 30
190 171 0 15 15 0 30 15 15 30
232 67 0 15 15 0 30 15 15 30
631 3 0 15 15 0 30 15 15 30
654 46 0 15 15 0 30 15 15 30
552 256 0 15 15 0 30 15 15 30
561 44 0 15 15 0 30 15 15 30
373 415 0 15 15 0 30 15 15 30
742 6 0 15 15 0 30 15 15 30
242 112 0 15 15 0 30 15 15 30
314 214 0 15 15 0 30 15 15 30
584 401 0 15 15 0 30 15 15 30
486 383 0 15 15 0 30 15 15 30
669 290 0 15 15 0 30 15 15 30
23 32 0 15 15 0 30 15 15 30
59 313 0 15 15 0 30 15 15 30
577 262 0 15 15 0 30 15 15 30
512 239 0 15 15 0 30 15 15 30
548 267 0 15 15 0 30 15 15 30
264 258 0 15 15 0 30 15 15 30
260 25 0 15 15 0 30 15 15 30
202 204 0 15 15 0 30 15 15 30
284 399 0 15 15 0 30 15 15 30
213 300 0 15 15 0 30 15 15 30
544 358 0 15 15 0 30 15 15 30
109 144 0 15 15 0 30 15 15 30
438 127 0 15 15 0 30 15 15 30
181 159 0 15 15 0 30 15 15 30
511 367 0 15 15 0 30 15 15 30
544 227 0 15 15 0 30 15 15 30
677 331 0 15 15 0 30 15 15 30
576 81 0 15 15 0 30 15 15 30
254 173 0 15 15 0 30 15 15 30
353 375 0 15 15 0 30 15 15 30
277 225 0 15 15 0 30 15 15 30
75 295 0 15 15 0 30 15 15 30
760 73 0 15 15 0 30 15 15 30
241 87 0 15 15 0 30 15 15 30
592 153 0 15 15 0 30 15 15 30
629 396 0 15 15 0 30 15 15 30
745 386 0 15 15 0 30 15 15 30
653 311 0 15 15 0 30 15 15 30
365 215 0 15 15 0 30 15 15 30
618 337 0 15 15 0 30 15 15 30
196 21 0 15 15 0 30 15 15 30
374 126 0 15 15 0 30 15 15 30
660 373 0 15 15 0 30 15 15 30
608 380 0 15 15 0 30 15 15 30
697 276 0 15 15 0 30 15 15 30
294 84 0 15 15 0 30 15 15 30
232 91 0 15 15 0 30 15 15 30
241 209 0 15 15 0 30 15 15 30
52 274 0 15 15 0 30 15 15 30
185 372 0 15 15 0 30 15 15 30
609 341 0 15 15 0 30 15 15 30
127 388 0 15 15 0 30 15 15 30
453 125 0 15 15 0 30 15 15 30
736 111 0 15 15 0 30 15 15 30
420 100 0 15 15 0 30 15 15 30
423 388 0 15 15 0 30 15 15 30
179 369 0 15 15 0 30 15 15 30
570 418 0 15 15 0 30 15 15 30
363 230 0 15 15 0 30 15 15 30
47 246 0 15 15 0 30 15 15 30
461 290 0 15 15 0 30 15 15 30
644 105 0 15 15 0 30 15 15 30
251 205 0 15 15 0 30 15 15 30
461 92 0 15 15 0 30 15 15 30
232 74 0 15 15 0 30 15 15 30
395 187 0 15 15 0 30 15 15 30
113 96 0 15 15 0 30 15 15 30
668 350 0 15 15 0 30 15 15 30
69 224 0 15 15 0 30 15 15 30
492 266 0 15 15 0 30 15 15 30
637 414 0 15 15 0 30 15 15 30
32 165 0 15 15 0 30 15 15 30
597 98 0 15 15 0 30 15 15 30
330 237 0 15 15 0 30 15 15 30
742 169 0 15 15 0 30 15 15 30
611 359 0 15 15 0 30 15 15 30
420 96 0 15 15 0 30 15 15 30
589 305 0 15 15 0 30 15 15 30
651 240 0 15 15 0 30 15 15 30
716 412 0 15 15 0 30 15 15 30
756 351 0 15 15 0 30 15 15 30
190 364 0 15 15 0 30 15 15 30
128 386 0 15 15 0 30 15 15 30
648 316 0 15 15 0 30 15 15 30
683 239 0 15 15 0 30 15 15 30
295 202 0 15 15 0 30 15 15 30
247 296 0 15 15 0 30 15 15 30
598 338 0 15 15 0 30 15 15 30
135 197 0 15 15 0 30 15 15 30
635 386 0 15 15 0 30 15 15 30
665 211 0 15 15 0 30 15 15 30
25 135 0 15 15 0 30 15 15 30
89 193 0 15 15 0 30 15 15 30
325 110 0 15 15 0 30 15 15 30
600 72 0 15 15 0 30 15 15 30
161 341 0 15 15 0 30 15 15 30
229 85 0 15 15 0 30 15 15 30
590 419 0 15 15 0 30 15 15 30
16 282 0 15 15 0 30 15 15 30
717 320 0 15 15 0 30 15 15 30
318 329 0 15 15 0 30 15 15 30
765 190 0 15 15 0 30 15 15 30
497 335 0 15 15 0 30 15 15 30
51 301 0 15 15 0 30 15 15 30
571 133 0 15 15 0 30 15 15 30
145 377 0 15 15 0 30 15 15 30
421 151 0 15 15 0 30 15 15 30
324 198 0 15 15 0 30 15 15 30
271 6 0 15 15 0 30 15 15 30
465 171 0 15 15 0 30 15 15 30
90 144 0 15 15 0 30 15 15 30
207 323 0 15 15 0 30 15 15 30
90 89 0 15 15 0 30 15 15 30
373 264 0 15 15 0 30 15 15 30
135 312 0 15 15 0 30 15 15 30
185 332 0 15 15 0 30 15 15 30
165 22 0 15 15 0 30 15 15 30
196 26 0 15 15 0 30 15 15 30
205 38 0 15 15 0 30 15 15 30
456 232 0 15 15 0 30 15 15 30
180 415 0 15 15 0 30 15 15 30
412 102 0 15 15 0 30 15 15 30
5 386 0 15 15 0 30 15 15 30
148 320 0 15 15 0 30 15 15 30
496 403 0 15 15 0 30 15 15 30
581 292 0 15 15 0 30 15 15 30
531 288 0 15 15 0 30 15 15 30
154 306 0 15 15 0 30 15 15 30
585 131 0 15 15 0 30 15 15 30
274 215 0 15 15 0 30 15 15 30
292 313 0 15 15 0 30 15 15 30
701 339 0 15 15 0 30 15 15 30
572 268 0 15 15 0 30 15 15 30
720 322 0 15 15 0 30 15 15 30
294 362 0 15 15 0 30 15 15 30
60 309 0 15 15 0 30 15 15 30
413 46 0 15 15 0 30 15 15 30
753 294 0 15 15 0 30 15 15 30
492 231 0 15 15 0 30 15 15 30
135 245 0 15 15 0 30 15 15 30
131 311 0 15 15 0 30 15 15 30
317 237 0 15 15 0 30 15 15 30
474 74 0 15 15 0 30 15 15 30
102 250 0 15 15 0 30 15 15 30
5 146 0 15 15 0 30 15 15 30
501 136 0 15 15 0 30 15 15 30
432 341 0 15 15 0 30 15 15 30
694 276 0 15 15 0 30 15 15 30
438 112 0 15 15 0 30 15 15 30
265 1 0 15 15 0 30 15 15 30
25 335 0 15 15 0 30 15 15 30
732 259 0 15 15 0 30 15 15 30
330 323 0 15 15 0 30 15 15 30
214 375 0 15 15 0 30 15 15 30
352 23 0 15 15 0 30 15 15 30
97 117 0 15 15 0 30 15 15 30
602 142 0 15 15 0 30 15 15 30
330 165 0 15 15 0 30 15 15 30
147 87 0 15 15 0 30 15 15 30
9 72 0 15 15 0 30 15 15 30
151 255 0 15 15 0 30 15 15 30
136 287 0 15 15 0 30 15 15 30
720 187 0 15 15 0 30 15 15 30
419 53 0 15 15 0 30 15 15 30
554 25 0 15 15 0 30 15 15 30
80 49 0 15 15 0 30 15 15 30
678 12 0 15 15 0 30 15 15 30
90 194 0 15 15 0 30 15 15 30
201 189 0 15 15 0 30 15 15 30
651 174 0 15 15 0 30 15 15 30
335 294 0 15 15 0 30 15 15 30
729 29 0 15 15 0 30 15 15 30
524 41 0 15 15 0 30 15 15 30
68 207 0 15 15 0 30 15 15 30
86 290 0 15 15 0 30 15 15 30
118 86 0 15 15 0 30 15 15 30
185 349 0 15 15 0 30 15 15 30
301 48 0 15 15 0 30 15 15 30
4 268 0 15 15 0 30 15 15 30
157 389 0 15 15 0 30 15 15 30
519 253 0 15 15 0 30 15 15 30
288 166 0 15 15 0 30 15 15 30
334 74 0 15 15 0 30 15 15 30
319 198 0 15 15 0 30 15 15 30
730 41 0 15 15 0 30 15 15 30
569 327 0 15 15 0 30 15 15 30
127 67 0 15 15 0 30 15 15 30
192 83 0 15 15 0 30 15 15 30
568 352 0 15 15 0 30 15 15 30
331 44 0 15 15 0 30 15 15 30
194 369 0 15 15 0 30 15 15 30
618 161 0 15 15 0 30 15 15 30
386 69 0 15 15 0 30 15 15 30
735 60 0 15 15 0 30 15 15 30
435 331 0 15 15 0 30 15 15 30
309 328 0 15 15 0 30 15 15 30
455 404 0 15 15 0 30 15 15 30
60 18 0 15 15 0 30 15 15 30
716 96 0 15 15 0 30 15 15 30
722 351 0 15 15 0 30 15 15 30
659 55 0 15 15 0 30 15 15 30
87 195 0 15 15 0 30 15 15 30
63 242 0 15 15 0 30 15 15 30
182 325 0 15 15 0 30 15 15 30
562 334 0 15 15 0 30 15 15 30
112 193 0 15 15 0 30 15 15 30
508 216 0 15 15 0 30 15 15 30
101 138 0 15 15 0 30 15 15 30
272 86 0 15 15 0 30 15 15 30
481 81 0 15 15 0 30 15 15 30
105 313 0 15 15 0 30 15 15 30
190 106 0 15 15 0 30 15 15 30
406 231 0 15 15 0 30 15 15 30
434 98 0 15 15 0 30 15 15 30
6 263 0 15 15 0 30 15 15 30
635 261 0 15 15 0 30 15 15 30
624 146 0 15 15 0 30 15 15 30
251 348 0 15 15 0 30 15 15 30
187 212 0 15 15 0 30 15 15 30
543 373 0 15 15 0 30 15 15 30
425 264 0 15 15 0 30 15 15 30
357 274 0 15 15 0 30 15 15 30
690 332 0 15 15 0 30 15 15 30
439 248 0 15 15 0 30 15 15 30
140 5 0 15 15 0 30 15 15 30
535 253 0 15 15 0 30 15 15 30
413 329 0 15 15 0 30 15 15 30
85 375 0 15 15 0 30 15 15 30
767 130 0 15 15 0 30 15 15 30
40 34 0 15 15 0 30 15 15 30
714 130 0 15 15 0 30 15 15 30
446 364 0 15 15 0 30 15 15 30
241 3 0 15 15 0 30 15 15 30
639 100 0 15 15 0 30 15 15 30
509 405 0 15 15 0 30 15 15 30
635 233 0 15 15 0 30 15 15 30
769 205 0 15 15 0 30 15 15 30
287 327 0 15 15 0 30 15 15 30
453 129 0 15 15 0 30 15 15 30
112 282 0 15 15 0 30 15 15 30
721 25 0 15 15 0 30 15 15 30
255 286 0 15 15 0 30 15 15 30
578 264 0 15 15 0 30 15 15 30
311 79 0 15 15 0 30 15 15 30
571 228 0 15 15 0 30 15 15 30
573 254 0 15 15 0 30 15 15 30
183 234 0 15 15 0 30 15 15 30
746 228 0 15 15 0 30 15 15 30
586 337 0 15 15 0 30 15 15 30
131 393 0 15 15 0 30 15 15 30
405 152 0 15 15 0 30 15 15 30
18 299 0 15 15 0 30 15 15 30
761 390 0 15 15 0 30 15 15 30
738 345 0 15 15 0 30 15 15 30
158 46 0 15 15 0 30 15 15 30
23 14 0 15 15 0 30 15 15 30
17 119 0 15 15 0 30 15 15 30
97 290 0 15 15 0 30 15 15 30
560 182 0 15 15 0 30 15 15 30
186 234 0 15 15 0 30 15 15 30
228 22 0 15 15 0 30 15 15 30
467 331 0 15 15 0 30 15 15 30
596 70 0 15 15 0 30 15 15 30
187 225 0 15 15 0 30 15 15 30
95 365 0 15 15 0 30 15 15 30
161 73 0 15 15 0 30 15 15 30
244 250 0 15 15 0 30 15 15 30
591 117 0 15 15 0 30 15 15 30
686 395 0 15 15 0 30 15 15 30
304 310 0 15 15 0 30 15 15 30
303 292 0 15 15 0 30 15 15 30
766 3 0 15 15 0 30 15 15 30
745 419 0 15 15 0 30 15 15 30
674 332 0 15 15 0 30 15 15 30
366 342 0 15 15 0 30 15 15 30
598 157 0 15 15 0 30 15 15 30
671 15 0 15 15 0 30 15 15 30
448 223 0 15 15 0 30 15 15 30
81 139 0 15 15 0 30 15 15 30
103 287 0 15 15 0 30 15 15 30
632 335 0 15 15 0 30 15 15 30
180 19 0 15 15 0 30 15 15 30
530 415 0 15 15 0 30 15 15 30
605 10 0 15 15 0 30 15 15 30
68 391 0 15 15 0 30 15 15 30
50 168 0 15 15 0 30 15 15 30
155 414 0 15 15 0 30 15 15 30
51 384 0 15 15 0 30 15 15 30
494 4 0 15 15 0 30 15 15 30
107 43 0 15 15 0 30 15 15 30
654 321 0 15 15 0 30 15 15 30
324 378 0 15 15 0 30 15 15 30
15 64 0 15 15 0 30 15 15 30
291 288 0 15 15 0 30 15 15 30
497 289 0 15 15 0 30 15 15 30
401 335 0 15 15 0 30 15 15 30
217 241 0 15 15 0 30 15 15 30
227 287 0 15 15 0 30 15 15 30
191 114 0 15 15 0 30 15 15 30
222 322 0 15 15 0 30 15 15 30
408 338 0 15 15 0 30 15 15 30
342 257 0 15 15 0 30 15 15 30
654 133 0 15 15 0 30 15 15 30
583 7 0 15 15 0 30 15 15 30
28 223 0 15 15 0 30 15 15 30
694 285 0 15 15 0 30 15 15 30
765 334 0 15 15 0 30 15 15 30
142 166 0 15 15 0 30 15 15 30
406 200 0 15 15 0 30 15 15 30
269 16 0 15 15 0 30 15 15 30
415 143 0 15 15 0 30 15 15 30
336 243 0 15 15 0 30 15 15 30
476 282 0 15 15 0 30 15 15 30
412 28 0 15 15 0 30 15 15 30
91 271 0 15 15 0 30 15 15 30
318 77 0 15 15 0 30 15 15 30
475 350 0 15 15 0 30 15 15 30
164 71 0 15 15 0 30 15 15 30
315 221 0 15 15 0 30 15 15 30
731 211 0 15 15 0 30 15 15 30
547 111 0 15 15 0 30 15 15 30
357 213 0 15 15 0 30 15 15 30
260 334 0 15 15 0 30 15 15 30
170 6 0 15 15 0 30 15 15 30
405 220 0 15 15 0 30 15 15 30
730 137 0 15 15 0 30 15 15 30
84 330 0 15 15 0 30 15 15 30
474 280 0 15 15 0 30 15 15 30
216 392 0 15 15 0 30 15 15 30
661 76 0 15 15 0 30 15 15 30
715 303 0 15 15 0 30 15 15 30
428 387 0 15 15 0 30 15 15 30
587 332 0 15 15 0 30 15 15 30
111 304 0 15 15 0 30 15 15 30
435 345 0 15 15 0 30 15 15 30
607 200 0 15 15 0 30 15 15 30
522 125 0 15 15 0 30 15 15 30
170 211 0 15 15 0 30 15 15 30
35 40 0 15 15 0 30 15 15 30
217 360 0 15 15 0 30 15 15 30
205 128 0 15 15 0 30 15 15 30
208 86 0 15 15 0 30 15 15 30
58 405 0 15 15 0 30 15 15 30
641 275 0 15 15 0 30 15 15 30
222 304 0 15 15 0 30 15 15 30
458 382 0 15 15 0 30 15 15 30
290 242 0 15 15 0 30 15 15 30
462 220 0 15 15 0 30 15 15 30
45 355 0 15 15 0 30 15 15 30
83 394 0 15 15 0 30 15 15 30
656 369 0 15 15 0 30 15 15 30
435 418 0 15 15 0 30 15 15 30
740 65 0 15 15 0 30 15 15 30
81 227 0 15 15 0 30 15 15 30
353 209 0 15 15 0 30 15 15 30
291 2 0 15 15 0 30 15 15 30
692 71 0 15 15 0 30 15 15 30
51 114 0 15 15 0 30 15 15 30
261 129 0 15 15 0 30 15 15 30
93 43 0 15 15 0 30 15 15 30
87 329 0 15 15 0 30 15 15 30
728 34 0 15 15 0 30 15 15 30
514 299 0 15 15 0 30 15 15 30
612 228 0 15 15 0 30 15 15 30
294 257 0 15 15 0 30 15 15 30
562 156 0 15 15 0 30 15 15 30
155 346 0 15 15 0 30 15 15 30
128 37 0 15 15 0 30 15 15 30
30 350 0 15 15 0 30 15 15 30
281 185 0 15 15 0 30 15 15 30
243 97 0 15 15 0 30 15 15 30
685 163 0 15 15 0 30 15 15 30
537 405 0 15 15 0 30 15 15 30
135 23 0 15 15 0 30 15 15 30
66 257 0 15 15 0 30 15 15 30
340 179 0 15 15 0 30 15 15 30
355 132 0 15 15 0 30 15 15 30
416 204 0 15 15 0 30 15 15 30
744 27 0 15 15 0 30 15 15 30
589 179 0 15 15 0 30 15 15 30
564 62 0 15 15 0 30 15 15 30
565 214 0 15 15 0 30 15 15 30
470 80 0 15 15 0 30 15 15 30
484 277 0 15 15 0 30 15 15 30
393 308 0 15 15 0 30 15 15 30
607 381 0 15 15 0 30 15 15 30
411 391 0 15 15 0 30 15 15 30
613 406 0 15 15 0 30 15 15 30
727 411 0 15 15 0 30 15 15 30
497 16 0 15 15 0 30 15 15 30
610 70 0 15 15 0 30 15 15 30
525 33 0 15 15 0 30 15 15 30
550 392 0 15 15 0 30 15 15 30
250 352 0 15 15 0 30 15 15 30
297 5 0 15 15 0 30 15 15 30
47 225 0 15 15 0 30 15 15 30
94 399 0 15 15 0 30 15 15 30
291 336 0 15 15 0 30 15 15 30
710 410 0 15 15 0 30 15 15 30
533 247 0 15 15 0 30 15 15 30
759 300 0 15 15 0 30 15 15 30
197 271 0 15 15 0 30 15 15 30
332 295 0 15 15 0 30 15 15 30
511 245 0 15 15 0 30 15 15 30
290 393 0 15 15 0 30 15 15 30
132 265 0 15 15 0 30 15 15 30
512 272 0 15 15 0 30 15 15 30
79 160 0 15 15 0 30 15 15 30
121 302 0 15 15 0 30 15 15 30
602 311 0 15 15 0 30 15 15 30
685 154 0 15 15 0 30 15 15 30
38 94 0 15 15 0 30 15 15 30
96 399 0 15 15 0 30 15 15 30
528 274 0 15 15 0 30 15 15 30
546 249 0 15 15 0 30 15 15 30
105 285 0 15 15 0 30 15 15 30
408 30 0 15 15 0 30 15 15 30
743 112 0 15 15 0 30 15 15 30
299 35 0 15 15 0 30 15 15 30
164 11 0 15 15 0 30 15 15 30
230 403 0 15 15 0 30 15 15 30
420 70 0 15 15 0 30 15 15 30
154 98 0 15 15 0 30 15 15 30
686 248 0 15 15 0 30 15 15 30
147 86 0 15 15 0 30 15 15 30
34 347 0 15 15 0 30 15 15 30
729 162 0 15 15 0 30 15 15 30
103 311 0 15 15 0 30 15 15 30
169 220 0 15 15 0 30 15 15 30
592 152 0 15 15 0 30 15 15 30
301 376 0 15 15 0 30 15 15 30
769 300 0 15 15 0 30 15 15 30
597 225 0 15 15 0 30 15 15 30
756 126 0 15 15 0 30 15 15 30
144 12 0 15 15 0 30 15 15 30
326 16 0 15 15 0 30 15 15 30
362 263 0 15 15 0 30 15 15 30
499 411 0 15 15 0 30 15 15 30
141 201 0 15 15 0 30 15 15 30
380 400 0 15 15 0 30 15 15 30
92 127 0 15 15 0 30 15 15 30
345 245 0 15 15 0 30 15 15 30
73 308 0 15 15 0 30 15 15 30
327 126 0 15 15 0 30 15 15 30
0 191 0 15 15 0 30 15 15 30
730 70 0 15 15 0 30 15 15 30
89 88 0 15 15 0 30 15 15 30
190 141 0 15 15 0 30 15 15 30
621 110 0 15 15 0 30 15 15 30
620 110 0 15 15 0 30 15 15 30
263 401 0 15 15 0 30 15 15 30
154 124 0 15 15 0 30 15 15 30
165 0 0 15 15 0 30 15 15 30
96 96 0 15 15 0 30 15 15 30
442 168 0 15 15 0 30 15 15 30
733 258 0 15 15 0 30 15 15 30
711 177 0 15 15 0 30 15 15 30
671 202 0 15 15 0 30 15 15 30
636 244 0 15 15 0 30 15 15 30
54 9 0 15 15 0 30 15 15 30
401 419 0 15 15 0 30 15 15 30
404 128 0 15 15 0 30 15 15 30
592 105 0 15 15 0 30 15 15 30
596 78 0 15 15 0 30 15 15 30
640 361 0 15 15 0 30 15 15 30
273 241 0 15 15 0 30 15 15 30
505 300 0 15 15 0 30 15 15 30
634 155 0 15 15 0 30 15 15 30
668 224 0 15 15 0 30 15 15 30
549 58 0 15 15 0 30 15 15 30
565 196 0 15 15 0 30 15 15 30
8 281 0 15 15 0 30 15 15 30
627 165 0 15 15 0 30 15 15 30
730 380 0 15 15 0 30 15 15 30
109 192 0 15 15 0 30 15 15 30
26 406 0 15 15 0 30 15 15 30
307 357 0 15 15 0 30 15 15 30
518 362 0 15 15 0 30 15 15 30
744 74 0 15 15 0 30 15 15 30
309 341 0 15 15 0 30 15 15 30
309 157 0 15 15 0 30 15 15 30
242 249 0 15 15 0 30 15 15 30
83 241 0 15 15 0 30 15 15 30
724 353 0 15 15 0 30 15 15 30
253 44 0 15 15 0 30 15 15 30
616 315 0 15 15 0 30 15 15 30
496 240 0 15 15 0 30 15 15 30
350 61 0 15 15 0 30 15 15 30
354 179 0 15 15 0 30 15 15 30
657 89 0 15 15 0 30 15 15 30
598 153 0 15 15 0 30 15 15 30
501 83 0 15 15 0 30 15 15 30
202 44 0 15 15 0 30 15 15 30
764 388 0 15 15 0 30 15 15 30
555 267 0 15 15 0 30 15 15 30
589 304 0 15 15 0 30 15 15 30
573 106 0 15 15 0 30 15 15 30
355 264 0 15 15 0 30 15 15 30
488 121 0 15 15 0 30 15 15 30
99 78 0 15 15 0 30 15 15 30
308 27 0 15 15 0 30 15 15 30
238 64 0 15 15 0 30 15 15 30
102 9 0 15 15 0 30 15 15 30
254 415 0 15 15 0 30 15 15 30
415 118 0 15 15 0 30 15 15 30
315 275 0 15 15 0 30 15 15 30
410 322 0 15 15 0 30 15 15 30
569 263 0 15 15 0 30 15 15 30
493 142 0 15 15 0 30 15 15 30
649 219 0 15 15 0 30 15 15 30
175 274 0 15 15 0 30 15 15 30
243 157 0 15 15 0 30 15 15 30
418 193 0 15 15 0 30 15 15 30
169 380 0 15 15 0 30 15 15 30
179 404 0 15 15 0 30 15 15 30
687 342 0 15 15 0 30 15 15 30
3 77 0 15 15 0 30 15 15 30
715 118 0 15 15 0 30 15 15 30
240 254 0 15 15 0 30 15 15 30
465 53 0 15 15 0 30 15 15 30
141 19 0 15 15 0 30 15 15 30
156 192 0 15 15 0 30 15 15 30
554 212 0 15 15 0 30 15 15 30
717 65 0 15 15 0 30 15 15 30
567 223 0 15 15 0 30 15 15 30
97 229 0 15 15 0 30 15 15 30
316 304 0 15 15 0 30 15 15 30
507 43 0 15 15 0 30 15 15 30
379 126 0 15 15 0 30 15 15 30
514 259 0 15 15 0 30 15 15 30
576 101 0 15 15 0 30 15 15 30
766 29 0 15 15 0 30 15 15 30
739 292 0 15 15 0 30 15 15 30
335 27 0 15 15 0 30 15 15 30
23 212 0 15 15 0 30 15 15 30
566 172 0 15 15 0 30 15 15 30
156 126 0 15 15 0 30 15 15 30
614 311 0 15 15 0 30 15 15 30
636 394 0 15 15 0 30 15 15 30
608 255 0 15 15 0 30 15 15 30
504 52 0 15 15 0 30 15 15 30
42 384 0 15 15 0 30 15 15 30
370 324 0 15 15 0 30 15 15 30
759 94 0 15 15 0 30 15 15 30
655 256 0 15 15 0 30 15 15 30
748 368 0 15 15 0 30 15 15 30
583 53 0 15 15 0 30 15 15 30
612 120 0 15 15 0 30 15 15 30
590 94 0 15 15 0 30 15 15 30
627 144 0 15 15 0 30 15 15 30
665 171 0 15 15 0 30 15 15 30
336 244 0 15 15 0 30 15 15 30
237 26 0 15 15 0 30 15 15 30
402 255 0 15 15 0 30 15 15 30
398 322 0 15 15 0 30 15 15 30
190 316 0 15 15 0 30 15 15 30
479 417 0 15 15 0 30 15 15 30
295 186 0 15 15 0 30 15 15 30
383 64 0 15 15 0 30 15 15 30
68 1 0 15 15 0 30 15 15 30
598 240 0 15 15 0 30 15 15 30
390 311 0 15 15 0 30 15 15 30
183 35 0 15 15 0 30 15 15 30
614 273 0 15 15 0 30 15 15 30
204 359 0 15 15 0 30 15 15 30
452 386 0 15 15 0 30 15 15 30
526 146 0 15 15 0 30 15 15 30
696 158 0 15 15 0 30 15 15 30
509 331 0 15 15 0 30 15 15 30
186 30 0 15 15 0 30 15 15 30
661 92 0 15 15 0 30 15 15 30
467 116 0 15 15 0 30 15 15 30
587 173 0 15 15 0 30 15 15 30
309 369 0 15 15 0 30 15 15 30
534 276 0 15 15 0 30 15 15 30
439 262 0 15 15 0 30 15 15 30
82 377 0 15 15 0 30 15 15 30
228 79 0 15 15 0 30 15 15 30
605 20 0 15 15 0 30 15 15 30
81 153 0 15 15 0 30 15 15 30
323 56 0 15 15 0 30 15 15 30
372 216 0 15 15 0 30 15 15 30
154 358 0 15 15 0 30 15 15 30
545 192 0 15 15 0 30 15 15 30
422 142 0 15 15 0 30 15 15 30
20 43 0 15 15 0 30 15 15 30
499 378 0 15 15 0 30 15 15 30
418 351 0 15 15 0 30 15 15 30
248 65 0 15 15 0 30 15 15 30
126 380 0 15 15 0 30 15 15 30
114 221 0 15 15 0 30 15 15 30
316 76 0 15 15 0 30 15 15 30
16 272 0 15 15 0 30 15 15 30
694 62 0 15 15 0 30 15 15 30
563 143 0 15 15 0 30 15 15 30
489 221 0 15 15 0 30 15 15 30
586 8 0 15 15 0 30 15 15 30
247 325 0 15 15 0 30 15 15 30
231 374 0 15 15 0 30 15 15 30
607 172 0 15 15 0 30 15 15 30
205 27 0 15 15 0 30 15 15 30
116 250 0 15 15 0 30 15 15 30
660 373 0 15 15 0 30 15 15 30
595 413 0 15 15 0 30 15 15 30